
-0.136743
0.160028
910586
0.043205
83936
21562
05450
7300
0.330545
15464
344
0
-0.442047
340
835516
810
48896
78256
.365462
798370
2916
0.044581
0.268837
.099936
.154113
.538420
6847
0.143854
88719
0722
0.100171
6791
4738
0.080801
157229
727746
-0.371125
0.026007
195
1085
.236908
0.089698
594
596
599
0.527462
271
275
0.209210
0.179352
-0.297313
42425
eved
97339
529
00235
032366
66819
6932
0.207035
.047875
01731
-0.175736
39
38
32
31
30
37
35
649
2160
4954
0.290563
77122
337
0.535740
757414
056
.643328
-0.017481
48994
.307203
.117899
0.889366
6
.177280
.000927
99
98
90
92
95
78920
97
.440652
8652
3203
131080
279890
.140240
0.068977
0.180036
0.599588
0.299939
.012500
203320
680436
744
20169
0.644992
551697
277122
551
553
840
6893
.590196
.385866
7674
030469
.255145
0.436988
.375689
46169
1
083363
.998533
205161
.049495
97065
015298
07859
-0.154423
.162836
.622427
482638
-0.444168
0.225702
0.019204
.228762
941
-0.115999
66619
143519
.013113
688
.162669
.061724
99925
131
7224
8015
8014
.102892
331618
.687081
24
25
27
20
21
22
23
38466
29
173869
402
400
50799
931
6449
936
408
22478
419094
0.156065
11834
5996
2453
61311
31993
028
.135129
0.053788
.301884
7318
807207
98814
92870
02686
0.438849
026844
48197
8972
8973
821
25724
707
110269
.275471
.430792
88
89
82
83
80
81
86
87
84
27438
5854
13757
600146
0.113133
-0.341704
112507
.008587
185475
7
-0.053647
-0.281292
0.196221
0.437119
0.572714
0.017321
064836
-0.858800
2572
2570
0.451872
0190
-0.034368
459
625
013934
-0.009168
.006703
179926
0.103053
177
.056376
.684079
0.493211
7981
600922
.137683
2
.156383
0.427402
-0.152885
99132
318711
1918
.596245
-0.855639
46876
11
13
12
87783
17
16
19
18
28581
373335
3305
56490
62
357709
47106
-0.284125
0.058586
.036009
.334522
.699338
69521
-0.016521
289951
18440
190980
65129
326882
175487
-0.643980
92287
-0.143931
77
76
77665
74
72
71
050469
24770
-0.012116
79
009722
4285
7060
0.537329
08
243951
018527
.628841
245975
0.136778
668
665
664
660
-0.463880
784472
0.232728
0.011557
690
.025520
055428
28422
0140
-0.436970
8
549
7197
994
997
09148
992
998
121
122
9178
397894
.385114
.443924
16872
.053745
-0.489905
414
6259
1388
0.305855
03871
.447002
419
926
07928
53548
310
19472
9653
0.361943
172575
02
.395134
07
04
05
526900
838
09
-0.222826
0.249759
3
probably
5681
4499
0.163465
584005
0.700299
.181324
0.541009
384
0.399545
.687980
786
787
20182
782
783
0.560477
.573343
54624
94
30471
550278
0.438751
576
0.553210
61
258
0.316368
67
7791
0.145307
015977
1429
0.307109
78380
-0.243574
630
632
8106
455574
80502
0.512893
034338
16426
972516
7488
.149713
6485
960
28302
336311
563136
108151
0.475762
279195
-0.032618
075
2731
.073250
9347
0.624976
2739
.648743
11487
.256627
47060
0.359245
44815
7575
87825
75172
7773
9
.292629
4840
.080356
3915
323917
-0.206076
370247
.100400
375192
0.030856
.336932
268619
4017
44
.197171
2965
215
-0.157059
01436
-0.087234
0.148812
</s>
5478
032527
0.484567
4
0.096120
326
-0.077828
38490
678
0.016783
4336
675
262
3649
59
28021
289542
58
55
57
50
53
52
537
.010983
533
0.192281
65
981
0.060984
114
776
13599
0.122514
4206
0.001170
-0.052316
238175
297781
.963241
918
916
.152663
9089
35617
-0.648459
8457
357006
.299560
047
0.351219
182177
.187777
040
292858
5089
15336
.155030
4295
75
321686
7426
0.565892
0.093015
61733
0.533624
.080445
0.688230
03343
-0.118883
.232681
0.213256
-0.490419
00590
0.550866
1737
82318
08609
.293663
561
335856
03498
67224
37903
229
0.040664
-0.007800
223
0.101956
.043530
6111
0.080349
0886
96500
.317518
-0.247328
152
155
-0.528373
34070
.839060
.455668
652791
398
47
-0.448127
42
43
5
.010478
357988
996
4097
.144914
47197
5285
0327
100560
027016
253108
-0.389850
6464
.496477
477
062
6230
