Threshold200 Windows
Size,1,2,3,5,7,10,15,20,50
100,28,31,37,32,38,34,32,35,34
200,27,34,31,35,40,35,33,34,39
300,22,34,30,36,35,35,35,34,33
400,35,36,35,33,36,37,35,33,32
500,26,31,38,36,38,33,35,34,35
Questions seen / total: 152 261   58.24 % 


Threshold150 Windows
Size,1,2,3,5,7,10,15,20,50
100,28,30,33,31,36,37,32,33,35
200,31,28,31,30,36,37,31,33,33
300,30,29,33,34,36,40,33,31,35
400,27,31,35,36,32,33,31,33,34
500,28,27,36,37,34,32,32,29,33
Questions seen / total: 148 261   56.70 % 


Threshold100 Windows
Size,1,2,3,5,7,10,15,20,50
100,29,29,30,33,33,32,32,32,31
200,29,33,30,36,34,30,34,32,31
300,31,28,26,32,32,32,32,33,29
400,27,25,28,36,32,31,33,34,36
500,29,31,31,30,31,34,33,31,31
Questions seen / total: 150 261   57.47 % 


Threshold50 Windows
Size,1,2,3,5,7,10,15,20,50
100,23,24,29,31,29,32,28,31,30
200,24,25,26,33,27,26,32,28,26
300,21,27,30,33,27,30,30,29,27
400,23,24,30,27,30,27,28,28,26
500,24,27,30,30,27,28,30,26,25
Questions seen / total: 150 261   57.47 % 


Threshold25 Windows
Size,1,2,3,5,7,10,15,20,50
100,16,24,25,24,27,29,27,25,21
200,20,26,27,24,22,20,24,24,21
300,21,27,30,28,27,27,23,24,22
400,16,25,24,26,27,28,29,25,22
500,16,24,24,30,25,25,27,26,25
Questions seen / total: 159 261   60.92 % 


Threshold10 Windows
Size,1,2,3,5,7,10,15,20,50
100,4,11,13,14,14,11,7,6,7
200,3,13,11,10,17,13,5,8,7
300,3,15,15,12,17,8,5,4,5
400,7,10,14,12,11,6,10,5,6
500,6,12,13,11,9,5,7,11,9
Questions seen / total: 170 261   65.13 % 


Threshold0 Windows
Size,1,2,3,5,7,10,15,20,50
100,29,38,40,42,37,40,42,38,38
200,28,35,40,40,40,41,39,39,39
300,33,35,40,43,40,39,42,37,39
400,34,41,41,40,40,40,40,40,34
500,33,37,37,39,37,36,40,42,37
Questions seen / total: 153 261   58.62 % 


